0.26
0.329
0.428
0.58
0.608
0.759
0.885
0.965
1.052
1.085
1.117
1.214
1.306
1.453
1.507
1.602
1.656
1.709
1.788
1.905
2.035
2.113
2.149
2.367
2.475
2.523
2.674
2.829
2.984
3.068
3.215
3.247
3.279
3.34
3.384
3.534
3.667
3.747
3.773
3.859
4.047
4.205
4.33
4.366
4.483
4.564
4.915
4.952
4.981
5.007
5.118
5.174
5.246
5.347
5.373
5.458
5.485
5.514
5.553
5.647
5.673
5.738
5.918
6.062
6.104
6.157
6.248
6.292
6.318
6.382
6.476
6.618
6.676
6.867
6.905
6.936
6.985
7.087
7.13
7.273
7.318
7.354
7.413
7.452
7.504
7.539
7.622
7.836
8.103
8.135
8.215
8.249
8.38
8.439
8.513
8.617
8.714
8.745
8.787
8.886
9.236
9.394
9.425
9.48
9.592
9.627
9.778
9.807
9.885
9.962
10.196
10.296
10.385
10.475
10.503
10.648
10.723
10.777
10.895
10.931
10.966
11.01
11.068
11.306
11.356
11.477
11.568
11.697
11.727
11.807
11.89
11.99
12.212
12.248
12.396
12.443
12.536
12.595
12.636
12.737
12.835
12.905
12.944
13.077
13.223
13.518
13.556
13.712
13.757
13.844
13.919
13.97
14.013
14.064
14.099
14.213
14.36
14.524
14.563
14.604
14.651
14.725
14.755
14.912
14.941
15.046
15.144
15.249
15.394
15.466
15.59
15.659
15.826
15.983
16.145
16.194
16.294
16.356
16.398
16.561
16.696
16.738
16.898
16.972
17.229
17.265
17.318
17.572
17.655
17.686
17.727
17.756
17.955
18.104
18.15
18.3
18.387
18.513
18.59
18.692
18.719
18.768
18.988
19.018
19.082
19.411
19.648
19.696
19.835
19.927
20.026
20.095
20.148
20.236
20.358
20.498
20.53
20.624
20.686
20.74
20.858
20.984
21.08
21.148
21.272
21.329
21.413
21.453
21.565
21.689
21.752
21.804
22.107
22.203
22.249
22.28
22.357
22.405
22.476
22.63
22.919
22.986
23.195
23.238
23.269
23.296
23.332
23.385
23.437
23.52
23.667
23.729
23.812
23.854
23.92
23.988
24.06
24.288
24.356
24.434
24.537
24.842
24.893
25.013
25.075
25.132
25.168
25.2
25.258
25.665
25.717
25.746
25.96
26.084
26.166
26.296
26.347
26.541
26.567
26.605
26.661
26.8
26.829
26.957
27.002
27.148
27.236
27.274
27.424
27.49
27.552
27.616
27.721
27.874
27.912
28.453
28.74
28.794
28.826
28.939
28.98
29.063
29.138
29.165
29.222
29.28
29.517
29.623
29.661
29.744
29.8
29.863
30.057
30.097
30.185
30.545
30.572
30.753
30.781
30.889
30.966
31.069
31.249
31.321
31.551
31.645
31.882
31.927
31.997
32.055
32.141
32.214
32.259
32.304
32.592
32.761
33.045
33.082
33.179
33.259
33.458
33.509
33.541
33.578
33.696
33.786
33.955
34.074
34.108
34.244
34.385
34.417
34.475
34.546
34.604
34.654
34.771
34.877
34.978
35.058
35.14
35.194
35.221
35.249
35.362
35.428
35.551
35.651
35.729
35.96
35.987
36.214
36.343
36.42
36.463
36.538
36.615
36.766
36.825
36.904
37.03
37.191
37.333
37.41
37.539
37.653
37.706
37.774
37.815
37.873
37.915
38.146
38.386
38.415
38.651
38.938
39.078
39.147
39.268
39.337
39.447
39.537
39.638
39.714
39.921
39.999
40.114
40.193
40.473
40.599
40.687
41.004
41.038
41.103
41.13
41.487
41.618
41.66
41.702
41.785
41.877
41.903
41.996
42.089
42.153
42.214
42.357
42.534
42.659
42.763
42.976
43.039
43.081
43.289
43.501
43.641
43.737
43.842
43.92
43.974
44.14
44.181
44.406
44.524
44.594
44.754
44.822
44.929
45.227
45.382
45.457
45.497
45.534
45.867
46.014
46.104
46.204
46.243
46.271
46.326
46.476
46.537
46.588
46.676
46.82
46.961
47.017
47.082
47.113
47.164
47.259
47.878
48.046
48.073
48.295
48.346
48.623
48.694
48.72
48.816
48.851
48.915
49.02
49.256
49.285
49.382
49.524
49.841
49.898
49.944
49.982
50.21
50.242
50.566
50.716
50.746
50.786
50.814
50.874
51.145
51.221
51.352
51.633
51.737
51.853
51.883
51.91
51.965
52.155
52.253
52.37
52.588
52.804
52.946
52.985
53.052
53.137
53.184
53.264
53.462
53.51
53.581
53.676
53.727
53.937
54.081
54.15
54.428
54.476
54.556
54.629
54.657
54.691
54.754
54.841
54.9
54.935
54.974
55.088
55.152
55.22
55.328
55.406
55.521
55.553
55.707
55.782
55.827
55.992
56.037
56.302
56.37
56.403
56.508
56.678
57.005
57.079
57.118
57.156
57.217
57.258
57.288
57.323
57.367
57.404
57.489
57.546
57.591
57.741
57.78
57.843
57.877
58.032
58.276
58.336
58.364
58.421
58.478
58.51
58.752
58.791
58.987
59.019
59.126
59.217
59.328
59.389
59.485
59.868
59.936
