1
0.936628
0.846488
0.774731
0.838668
0.645486
0.60842
0.610546
0.584929
0.722489
0.720981
0.52934
0.518722
0.482628
0.534762
0.496831
0.566092
0.58305
0.514515
0.46367
0.497315
0.459112
0.580032
0.427895
0.476065
0.546742
0.425767
0.496461
0.476105
0.496797
0.485445
0.625698
0.674995
0.56459
0.529761
0.411752
0.4514
0.506233
0.635844
0.490071
0.446301
0.435146
0.469726
0.610208
0.464416
0.521424
0.509492
0.639353
0.687664
0.753944
0.445836
0.502925
0.4871
0.43319
0.603749
0.408746
0.587209
0.637754
0.60437
0.379808
0.565639
0.427565
0.353589
0.355196
0.482042
0.478591
0.423546
0.492625
0.610104
0.444257
0.365704
0.35554
0.408652
0.337594
0.515409
0.613956
0.497999
0.349073
0.453771
0.353043
0.435957
0.541969
0.457817
0.495644
0.457911
0.526897
0.413558
0.323252
0.383271
0.522425
0.403033
0.500097
0.369144
0.434433
0.400649
0.368139
0.38528
0.578006
0.51195
0.366698
0.387342
0.423307
0.578678
0.459208
0.401158
0.505017
0.369565
0.540333
0.401397
0.399926
0.366393
0.381136
0.421189
0.415782
0.549662
0.376782
0.377681
0.429314
0.396212
0.497116
0.566355
0.553579
0.424265
0.337317
0.410659
0.322686
0.362725
0.381693
0.554921
0.399516
0.377914
0.367148
0.361663
0.488713
0.381996
0.417201
0.404789
0.436327
0.489691
0.38583
0.367673
0.364848
0.470402
0.366065
0.348191
0.384834
0.510049
0.384903
0.47242
0.400391
0.385235
0.47389
0.455564
0.458436
0.522258
0.328338
0.295985
0.348031
0.466997
0.510551
0.456917
0.397437
0.50361
0.295799
0.483586
0.312618
0.345868
0.328615
0.344025
0.381221
0.331005
0.38495
0.347667
0.367958
0.382677
0.453137
0.400286
0.403047
0.453941
0.367955
0.345461
0.451258
0.382673
0.384375
0.363865
0.48535
0.449826
0.327146
0.385019
0.500106
0.521602
0.58959
0.290558
0.286406
0.410427
0.300059
0.337955
0.320352
0.376803
0.343106
0.508909
0.45073
0.302678
0.485644
0.396805
0.340725
0.365723
0.45399
0.361812
0.363028
0.383427
0.382651
0.399238
0.346391
0.320855
0.359767
0.484801
0.342514
0.382187
0.39916
0.327573
0.338887
0.341891
0.359618
0.307746
0.414544
0.363998
0.451324
0.3222
0.346413
0.378241
0.397867
0.32492
0.366012
0.472123
0.514468
0.381413
0.439004
0.368257
0.33068
0.361942
0.378433
0.339595
0.465706
0.547199
0.597974
0.534678
0.376454
0.390575
0.281791
0.246714
0.30082
0.302446
0.388989
0.340112
0.33493
0.320636
0.303946
0.357187
0.360452
0.329409
0.341902
0.397844
0.364331
0.364899
0.382123
0.486994
0.536629
0.392781
0.298301
0.353362
0.488079
0.261292
0.29844
0.347949
0.29465
0.384444
0.316137
0.503592
0.486961
0.387778
0.27763
0.496711
0.270262
0.379258
0.294397
0.312916
0.436789
0.306204
0.363563
0.340898
0.345948
0.330412
0.275815
0.399532
0.385319
0.381651
0.447873
0.526205
0.321789
0.423449
0.333592
0.318035
0.470138
0.352536
0.349709
0.27939
0.299749
0.411369
0.305456
0.363163
0.364903
0.27566
0.400463
0.348686
0.330178
0.519358
0.324474
0.516165
0.339411
0.357842
0.319621
0.303635
0.319545
0.342819
0.34286
0.325044
0.413177
0.363378
0.379155
0.32681
0.34129
0.393598
0.396546
0.27205
0.306917
0.376836
0.481726
0.340649
0.324141
0.319551
0.377761
0.497349
0.458744
0.321053
0.306022
0.282742
0.271121
0.441621
0.300929
0.319037
0.441314
0.369247
0.34142
0.334709
0.358137
0.262792
0.305514
0.265004
0.286749
0.338707
0.355069
0.475858
0.566151
0.263103
0.297355
0.265236
0.264733
0.286459
0.283089
0.455659
0.266455
0.318294
0.319035
0.422778
0.322156
0.318328
0.301297
0.335434
0.313214
0.299851
0.31388
0.311919
0.334758
0.311985
0.31723
0.368675
0.353752
0.418445
0.332938
0.405043
0.278643
0.300602
0.516464
0.307468
0.379391
0.327129
0.361796
0.34235
0.321991
0.29853
0.336542
0.30394
0.322486
0.285783
0.337266
0.289277
0.322334
0.343406
0.339913
0.357612
0.342888
0.483814
0.3991
0.545827
0.304893
0.32128
0.410709
0.427647
0.319874
0.270028
0.461501
0.269099
0.285178
0.283501
0.302021
0.282198
0.300842
0.277992
0.318634
0.286292
0.352137
0.407062
0.303451
0.340679
0.317225
0.338085
0.322301
0.31775
0.352951
0.299764
0.387534
0.300052
0.306899
0.362117
0.30782
0.327085
0.309729
0.324471
0.32639
0.376959
0.445832
0.461334
0.291682
0.324656
0.32583
0.340823
0.412481
0.532033
0.343262
0.26775
0.305517
0.326217
0.307817
0.269871
0.27342
0.325412
0.327307
0.463347
0.323097
0.31008
0.343637
0.340872
0.529534
0.299101
0.370635
0.281369
0.341879
0.510927
0.283217
0.39262
0.319351
0.269391
0.283686
0.422248
0.288646
0.25232
0.318456
0.348764
0.405589
0.438037
0.280807
0.400703
0.298615
0.301174
0.437514
0.461365
0.507991
0.334304
0.249779
0.30046
0.271461
0.290835
0.302072
0.339185
0.456213
0.558588
0.332636
0.230343
0.281758
0.228474
0.27932
0.284659
0.319066
0.408793
0.352117
0.298712
0.329016
0.299455
0.240636
0.335847
0.35024
0.282642
0.353044
0.299214
0.264824
0.339776
0.319533
0.408473
0.333357
0.318511
0.460271
0.478017
0.336502
0.263253
0.302597
0.371172
0.405519
0.244605
0.276733
0.300281
0.26199
0.262906
0.259929
0.396762
0.258172
0.297793
0.352238
0.274798
0.349042
0.264227
0.335817
0.455949
0.285671
0.279965
0.335217
0.357464
0.427944
0.457345
0.351427
0.388315
0.455383
0.458895
0.387371
0.405512
0.266621
0.280092
0.300421
0.207732
0.336741
0.298947
0.349984
0.261478
0.243506
0.335479
0.474635
0.312266
0.329301
0.382822
0.256885
0.350375
0.24522
0.403737
0.252357
0.305714
0.288661
0.324775
0.291348
0.3191
0.375873
